function V = get_vertices_of_pipe(scale)
  v1 = [ 0.02; 0.46; 0.0];
  v2 = [ 0.01; 0.46; 0.01*sqrt(3)];
  v3 = [-0.01; 0.46; 0.01*sqrt(3)];
  v4 = [-0.02; 0.46; 0.0];
  v5 = [-0.01; 0.46;-0.01*sqrt(3)];
  v6 = [ 0.01; 0.46;-0.01*sqrt(3)];
  v7 = [ 0.02;-0.46; 0.0];
  v8 = [ 0.01;-0.46; 0.01*sqrt(3)];
  v9 = [-0.01;-0.46; 0.01*sqrt(3)];
  v10 = [-0.02;-0.46; 0.0];
  v11 = [-0.01;-0.46;-0.01*sqrt(3)];
  v12 = [ 0.01;-0.46;-0.01*sqrt(3)];
  
  S = eye(3);
  S(1,1) = scale(1);
  S(2,2) = scale(2);
  S(3,3) = scale(3);
  V = S * [v1,v2,v3,v4,v5,v6,v7,v8,v9,v10,v11,v12];
end

